36
8545
1080141374
8513
0
2
500
3
6
1
0
1080033280
8514
0
0
0
0
0
0
0
0
0
0
0
0
0
2
8515
0
0
0
0
0
0
0
0
0
0
0
0
0
0
8516
1
8517
0
0
0
0
0
0
8518
8
6
0
0
0
0
0
8520
0
8521
0
8522
0
8523
0
8524
46
536986656
0
536986660
0
536986664
0
536986666
0
536986668
0
536986670
0
536986672
0
536986674
0
536986676
0
536986678
0
536986680
0
536986682
0
536986684
0
536986686
0
536986688
0
536986690
0
536986692
0
536986694
0
536986696
0
536986698
0
536986700
0
536986702
0
536986704
0
536986706
0
536986708
0
536986710
0
536986712
0
536986714
0
536986716
0
536986718
0
536986720
0
536986722
0
536986724
0
536986726
0
536986728
0
536986730
0
536986732
0
536986734
0
536986736
0
536986738
100000
536986742
100
536986744
100
536986746
1
536986748
1
536986750
1
536986752
1
8525
0
8526
1
0
2
0
3
0
4
0
8527
1
0
1
0
35
